####### SAME SIDE ##########

TRUE POSITIVES: 
[2,4,13,17,26,30,44,46,56,58,65,71,90,94,99,117,121]
count: 17

TRUE NEGATIVES: 
[7,14,15,21,31,32,35,36,38,40,42,43,49,55,60,66,70,72,75,81,82,104,111,113,122,124]
count: 26

FALSE POSITIVES: 
[6,11,22,23,25,33,34,39,48,50,57,67,68,84,96,98,101,114,120,123]
count: 20

FALSE NEGATIVES: 
[37,115]
count: 2

**: 17,26,37,44,68,96,121

####### DIFF SIDES ##########

TRUE POSITIVES: 
[8,10,20,41,53,73,79,95,102,119]
count: 10

TRUE NEGATIVES: 
[3,16,27,28,40,52,64,74,83,85,88,89,91,106,108,112,116,125]
count: 18

FALSE POSITIVES: 
[5,9,12,18,59,62,63,69,76,77,87,92,93,97,103,107,118]
count: 17

FALSE NEGATIVES: 
[19,109]
count: 2

**: 12
